0,273
0,270
33,35
3,2
3,1
3,3
10,253
10,218
10,6
10,125
10,237
10,298
10,2
10,3
11,24
11,6
9,5
9,1
9,7
9,2
9,3
8,12
8,14
8,11
8,10
8,16
28,4
28,3
28,2
28,1
28,0
25,3
25,2
25,1
25,0
24,4
24,3
24,2
24,1
24,0
20,3
20,2
20,1
19,3
19,2
19,1
12,3
12,2
12,1
11,30
11,29
11,28
11,26
11,23
11,22
11,21
11,20
11,19
11,18
11,17
11,15
11,14
11,13
11,12
11,11
11,10
11,9
11,8
11,7
11,5
11,4
11,3
11,2
11,1
10,316
10,309
18,1
10,306
18,3
10,300
10,268
10,265
10,264
10,263
10,255
14,1
10,242
14,3
10,196
13,1
10,193
13,3
10,165
10,159
10,144
10,143
10,124
